0 0.075000
1 0.076988
2 0.079029
3 0.081124
4 0.083275
5 0.085482
6 0.087749
7 0.090075
8 0.092463
9 0.094914
10 0.097430
11 0.100013
12 0.102664
13 0.105386
14 0.108180
15 0.111048
16 0.113991
17 0.117013
18 0.120115
19 0.123300
20 0.126568
21 0.129924
22 0.133368
23 0.136903
24 0.140533
25 0.144258
26 0.148083
27 0.152008
28 0.156038
29 0.160175
30 0.164421
31 0.168780
32 0.173254
33 0.177847
34 0.182562
35 0.187401
36 0.192369
37 0.197469
38 0.202704
39 0.208078
40 0.213594
41 0.219256
42 0.225069
43 0.231035
44 0.237160
45 0.243447
46 0.249901
47 0.256526
48 0.263326
49 0.270307
50 0.277473
51 0.284829
52 0.292379
53 0.300130
54 0.308087
55 0.316254
56 0.324638
57 0.333244
58 0.342079
59 0.351147
60 0.360456
61 0.370012
62 0.379821
63 0.389890
64 0.400226
65 0.410836
66 0.421727
67 0.432907
68 0.444383
69 0.456164
70 0.468257
71 0.480670
72 0.493413
73 0.506493
74 0.519920
75 0.533704
76 0.547852
77 0.562376
78 0.577284
79 0.592588
80 0.608297
81 0.624423
82 0.640977
83 0.657969
84 0.675412
85 0.693317
86 0.711697
87 0.730564
88 0.749931
89 0.769812
90 0.790220
91 0.811168
92 0.832673
93 0.854747
94 0.877406
95 0.900666
96 0.924543
97 0.949052
98 0.974212
99 1.000000
